   5.502778        0.0000000E+00
   5.508333        0.0000000E+00
   5.513889        0.0000000E+00
   5.519444        0.0000000E+00
   5.525000        0.0000000E+00
   5.530556        0.0000000E+00
   5.536111        0.0000000E+00
   5.541667        0.0000000E+00
   5.547222        0.0000000E+00
   5.552778         100.0000    
   5.558333        0.0000000E+00
   5.563889        0.0000000E+00
   5.569445        0.0000000E+00
   5.575000        0.0000000E+00
   5.580555        0.0000000E+00
   5.586111        0.0000000E+00
   5.591667        0.0000000E+00
   5.597222        0.0000000E+00
   5.602778        0.0000000E+00
   5.608333        0.0000000E+00
